1 114.471 114.471 114.471
2 114.471 114.471 114.471
3 114.471 114.471 114.471
4 114.471 114.471 114.471
5 108.331 108.331 108.331
6 106.025 106.025 106.025
7 101.109 101.109 101.109
8 101.109 101.109 101.109
9 101.109 101.109 101.109
10 96.3272 96.3272 96.3272
11 96.3272 96.3272 96.3272
12 92.6211 92.6211 92.6211
13 92.6211 92.6211 92.6211
14 92.6211 92.6211 92.6211
15 89.9337 89.9337 89.9337
16 89.9337 89.9337 89.9337
17 89.9337 89.9337 89.9337
18 89.9337 89.9337 89.9337
19 89.9337 89.9337 89.9337
20 71.1744 71.1744 71.1744
21 68.3672 68.3672 68.3672
22 68.3672 68.3672 68.3672
23 68.3672 68.3672 68.3672
24 68.3672 68.3672 68.3672
25 56.6229 56.6229 56.6229
26 56.6229 56.6229 56.6229
27 56.6229 56.6229 56.6229
28 56.6229 56.6229 56.6229
29 56.6229 56.6229 56.6229
30 56.6229 56.6229 56.6229
31 56.6229 56.6229 56.6229
32 56.6229 56.6229 56.6229
33 56.6229 56.6229 56.6229
34 54.3123 54.3123 54.3123
35 54.3123 54.3123 54.3123
36 53.798 53.798 53.798
37 53.798 53.798 53.798
38 53.798 53.798 53.798
39 52.1302 52.1302 52.1302
40 52.1302 52.1302 52.1302
41 52.1302 52.1302 52.1302
42 52.1302 52.1302 52.1302
43 52.1302 52.1302 52.1302
44 52.1302 52.1302 52.1302
45 52.1302 52.1302 52.1302
46 52.1302 52.1302 52.1302
47 52.1302 52.1302 52.1302
48 52.1302 52.1302 52.1302
49 50.4778 50.4778 50.4778
50 50.3524 50.3524 50.3524
51 48.8063 48.8063 48.8063
52 48.8063 48.8063 48.8063
53 48.8063 48.8063 48.8063
54 48.8063 48.8063 48.8063
55 48.8063 48.8063 48.8063
56 48.8063 48.8063 48.8063
57 48.8063 48.8063 48.8063
58 48.8063 48.8063 48.8063
59 48.8063 48.8063 48.8063
60 46.2548 46.2548 46.2548
61 46.2548 46.2548 46.2548
62 46.2548 46.2548 46.2548
63 46.2548 46.2548 46.2548
64 46.2548 46.2548 46.2548
65 44.4044 44.4044 44.4044
66 44.4044 44.4044 44.4044
67 44.4044 44.4044 44.4044
68 44.4044 44.4044 44.4044
69 44.4044 44.4044 44.4044
70 44.4044 44.4044 44.4044
71 44.4044 44.4044 44.4044
72 44.4044 44.4044 44.4044
73 44.4044 44.4044 44.4044
74 44.4044 44.4044 44.4044
75 44.4044 44.4044 44.4044
76 44.4044 44.4044 44.4044
77 44.4044 44.4044 44.4044
78 44.4044 44.4044 44.4044
79 44.4044 44.4044 44.4044
80 40.9548 40.9548 40.9548
81 40.9548 40.9548 40.9548
82 39.9884 39.9884 39.9884
83 39.9884 39.9884 39.9884
84 39.9884 39.9884 39.9884
85 39.9884 39.9884 39.9884
86 39.9884 39.9884 39.9884
87 39.9884 39.9884 39.9884
88 39.9884 39.9884 39.9884
89 39.9884 39.9884 39.9884
90 39.9884 39.9884 39.9884
91 39.9884 39.9884 39.9884
92 39.9884 39.9884 39.9884
93 39.9884 39.9884 39.9884
94 39.9884 39.9884 39.9884
95 39.9884 39.9884 39.9884
96 39.9884 39.9884 39.9884
97 39.9884 39.9884 39.9884
98 39.9884 39.9884 39.9884
99 39.9884 39.9884 39.9884
100 39.9884 39.9884 39.9884
101 39.9884 39.9884 39.9884
102 39.9884 39.9884 39.9884
103 39.9884 39.9884 39.9884
104 39.9884 39.9884 39.9884
105 39.9884 39.9884 39.9884
106 39.9884 39.9884 39.9884
107 39.9884 39.9884 39.9884
108 39.9884 39.9884 39.9884
109 39.9884 39.9884 39.9884
110 39.9884 39.9884 39.9884
111 39.9884 39.9884 39.9884
112 39.9884 39.9884 39.9884
113 39.6369 39.6369 39.6369
114 39.6369 39.6369 39.6369
115 39.6369 39.6369 39.6369
116 39.6369 39.6369 39.6369
117 39.6369 39.6369 39.6369
118 39.6369 39.6369 39.6369
119 39.6369 39.6369 39.6369
120 39.6369 39.6369 39.6369
121 39.0588 39.0588 39.0588
122 39.0588 39.0588 39.0588
123 39.0588 39.0588 39.0588
124 39.0588 39.0588 39.0588
125 39.0588 39.0588 39.0588
126 39.0588 39.0588 39.0588
127 39.0588 39.0588 39.0588
128 38.2824 38.2824 38.2824
129 38.2824 38.2824 38.2824
130 38.2824 38.2824 38.2824
131 38.2824 38.2824 38.2824
132 38.2824 38.2824 38.2824
133 38.2824 38.2824 38.2824
134 38.2824 38.2824 38.2824
135 38.2824 38.2824 38.2824
136 38.2824 38.2824 38.2824
137 38.2824 38.2824 38.2824
138 38.2824 38.2824 38.2824
139 38.2824 38.2824 38.2824
140 38.2824 38.2824 38.2824
141 38.2824 38.2824 38.2824
142 38.2824 38.2824 38.2824
143 38.2824 38.2824 38.2824
144 38.2824 38.2824 38.2824
145 38.2824 38.2824 38.2824
146 36.7455 36.7455 36.7455
147 36.7455 36.7455 36.7455
148 36.7455 36.7455 36.7455
149 36.7455 36.7455 36.7455
150 36.7455 36.7455 36.7455
151 36.7455 36.7455 36.7455
152 36.7455 36.7455 36.7455
153 36.7455 36.7455 36.7455
154 36.7455 36.7455 36.7455
155 36.7455 36.7455 36.7455
156 36.7455 36.7455 36.7455
157 36.7455 36.7455 36.7455
158 36.7455 36.7455 36.7455
159 35.9245 35.9245 35.9245
160 35.9245 35.9245 35.9245
161 35.9245 35.9245 35.9245
162 35.9245 35.9245 35.9245
163 35.9245 35.9245 35.9245
164 35.9245 35.9245 35.9245
165 35.9245 35.9245 35.9245
166 35.9245 35.9245 35.9245
167 35.9245 35.9245 35.9245
168 35.9245 35.9245 35.9245
169 35.9245 35.9245 35.9245
170 35.9245 35.9245 35.9245
171 35.9245 35.9245 35.9245
172 33.8858 33.8858 33.8858
173 33.8858 33.8858 33.8858
174 33.8858 33.8858 33.8858
175 33.8858 33.8858 33.8858
176 33.8858 33.8858 33.8858
177 33.8858 33.8858 33.8858
178 33.8858 33.8858 33.8858
179 30.5848 30.5848 30.5848
180 30.5848 30.5848 30.5848
181 30.5848 30.5848 30.5848
182 30.5848 30.5848 30.5848
183 30.5848 30.5848 30.5848
184 30.5848 30.5848 30.5848
185 30.5848 30.5848 30.5848
186 30.5848 30.5848 30.5848
187 30.5848 30.5848 30.5848
188 30.5848 30.5848 30.5848
189 30.5848 30.5848 30.5848
190 30.5848 30.5848 30.5848
191 30.5848 30.5848 30.5848
192 30.5848 30.5848 30.5848
193 30.4904 30.4904 30.4904
194 30.4904 30.4904 30.4904
195 30.4904 30.4904 30.4904
196 30.4904 30.4904 30.4904
197 30.4904 30.4904 30.4904
198 30.4904 30.4904 30.4904
199 30.4904 30.4904 30.4904
200 30.4904 30.4904 30.4904
201 30.4904 30.4904 30.4904
202 30.4904 30.4904 30.4904
203 30.1175 30.1175 30.1175
204 30.1175 30.1175 30.1175
205 29.4238 29.4238 29.4238
206 29.4238 29.4238 29.4238
207 29.4238 29.4238 29.4238
208 29.4238 29.4238 29.4238
209 29.4238 29.4238 29.4238
210 29.4238 29.4238 29.4238
211 29.4238 29.4238 29.4238
212 29.4238 29.4238 29.4238
213 29.4238 29.4238 29.4238
214 29.4238 29.4238 29.4238
215 29.4238 29.4238 29.4238
216 29.4238 29.4238 29.4238
217 29.3128 29.3128 29.3128
218 29.3128 29.3128 29.3128
219 29.3128 29.3128 29.3128
220 26.8918 26.8918 26.8918
221 26.8918 26.8918 26.8918
222 26.8918 26.8918 26.8918
223 26.8918 26.8918 26.8918
224 26.8918 26.8918 26.8918
225 26.8918 26.8918 26.8918
226 26.8918 26.8918 26.8918
227 26.8918 26.8918 26.8918
228 26.8918 26.8918 26.8918
229 26.8918 26.8918 26.8918
230 26.8918 26.8918 26.8918
231 26.8003 26.8003 26.8003
232 26.8003 26.8003 26.8003
233 26.8003 26.8003 26.8003
234 26.8003 26.8003 26.8003
235 26.8003 26.8003 26.8003
236 26.8003 26.8003 26.8003
237 26.8003 26.8003 26.8003
238 26.8003 26.8003 26.8003
239 26.8003 26.8003 26.8003
240 26.8003 26.8003 26.8003
241 26.8003 26.8003 26.8003
242 26.2912 26.2912 26.2912
243 26.2912 26.2912 26.2912
244 26.2912 26.2912 26.2912
245 26.2912 26.2912 26.2912
246 26.2912 26.2912 26.2912
247 23.3616 23.3616 23.3616
248 23.3616 23.3616 23.3616
249 15.0715 15.0715 15.0715
250 15.0715 15.0715 15.0715
251 15.0715 15.0715 15.0715
252 15.0715 15.0715 15.0715
253 15.0715 15.0715 15.0715
254 15.0715 15.0715 15.0715
255 15.0715 15.0715 15.0715
256 15.0715 15.0715 15.0715
257 15.0715 15.0715 15.0715
258 15.0715 15.0715 15.0715
259 15.0715 15.0715 15.0715
260 15.0715 15.0715 15.0715
261 15.0715 15.0715 15.0715
262 15.0715 15.0715 15.0715
263 15.0715 15.0715 15.0715
264 15.0715 15.0715 15.0715
265 15.0715 15.0715 15.0715
266 15.0715 15.0715 15.0715
267 15.0715 15.0715 15.0715
268 15.0715 15.0715 15.0715
269 15.0715 15.0715 15.0715
270 15.0715 15.0715 15.0715
271 15.0715 15.0715 15.0715
272 15.0715 15.0715 15.0715
273 15.0715 15.0715 15.0715
274 15.0715 15.0715 15.0715
275 15.0715 15.0715 15.0715
276 15.0715 15.0715 15.0715
277 15.0715 15.0715 15.0715
278 15.0715 15.0715 15.0715
279 15.0715 15.0715 15.0715
280 15.0715 15.0715 15.0715
281 15.0715 15.0715 15.0715
282 15.0715 15.0715 15.0715
283 15.0715 15.0715 15.0715
284 15.0715 15.0715 15.0715
285 15.0715 15.0715 15.0715
286 15.0715 15.0715 15.0715
287 15.0715 15.0715 15.0715
288 15.0715 15.0715 15.0715
289 15.0715 15.0715 15.0715
290 15.0715 15.0715 15.0715
291 15.0715 15.0715 15.0715
292 15.0715 15.0715 15.0715
293 15.0715 15.0715 15.0715
294 15.0715 15.0715 15.0715
295 15.0715 15.0715 15.0715
296 15.0715 15.0715 15.0715
297 15.0715 15.0715 15.0715
298 15.0715 15.0715 15.0715
299 15.0715 15.0715 15.0715
300 15.0715 15.0715 15.0715
301 15.0715 15.0715 15.0715
302 15.0715 15.0715 15.0715
303 15.0715 15.0715 15.0715
304 15.0715 15.0715 15.0715
305 15.0715 15.0715 15.0715
306 15.0715 15.0715 15.0715
307 15.0715 15.0715 15.0715
308 15.0715 15.0715 15.0715
309 12.7048 12.7048 12.7048
310 12.7048 12.7048 12.7048
311 12.7048 12.7048 12.7048
312 12.7048 12.7048 12.7048
313 12.7048 12.7048 12.7048
314 12.7048 12.7048 12.7048
315 12.7048 12.7048 12.7048
316 11.8009 11.8009 11.8009
317 11.8009 11.8009 11.8009
318 11.8009 11.8009 11.8009
319 11.8009 11.8009 11.8009
320 11.8009 11.8009 11.8009
321 11.8009 11.8009 11.8009
322 11.8009 11.8009 11.8009
323 11.8009 11.8009 11.8009
324 11.8009 11.8009 11.8009
325 11.8009 11.8009 11.8009
326 11.8009 11.8009 11.8009
327 11.8009 11.8009 11.8009
328 11.8009 11.8009 11.8009
329 11.8009 11.8009 11.8009
330 11.8009 11.8009 11.8009
331 11.8009 11.8009 11.8009
332 11.8009 11.8009 11.8009
333 11.8009 11.8009 11.8009
334 11.8009 11.8009 11.8009
335 11.8009 11.8009 11.8009
336 11.8009 11.8009 11.8009
337 11.8009 11.8009 11.8009
338 11.8009 11.8009 11.8009
339 11.8009 11.8009 11.8009
340 11.8009 11.8009 11.8009
341 11.8009 11.8009 11.8009
342 11.8009 11.8009 11.8009
343 11.8009 11.8009 11.8009
344 11.8009 11.8009 11.8009
345 11.8009 11.8009 11.8009
346 11.8009 11.8009 11.8009
347 11.8009 11.8009 11.8009
348 11.8009 11.8009 11.8009
349 11.8009 11.8009 11.8009
350 11.8009 11.8009 11.8009
351 11.8009 11.8009 11.8009
352 11.8009 11.8009 11.8009
353 11.8009 11.8009 11.8009
354 11.8009 11.8009 11.8009
355 11.8009 11.8009 11.8009
356 11.8009 11.8009 11.8009
357 11.8009 11.8009 11.8009
358 11.8009 11.8009 11.8009
359 11.8009 11.8009 11.8009
360 11.8009 11.8009 11.8009
361 11.8009 11.8009 11.8009
362 11.8009 11.8009 11.8009
363 11.8009 11.8009 11.8009
364 11.8009 11.8009 11.8009
365 11.8009 11.8009 11.8009
366 11.8009 11.8009 11.8009
367 11.8009 11.8009 11.8009
368 11.8009 11.8009 11.8009
369 11.8009 11.8009 11.8009
370 11.8009 11.8009 11.8009
371 11.8009 11.8009 11.8009
372 11.8009 11.8009 11.8009
373 11.8009 11.8009 11.8009
374 11.8009 11.8009 11.8009
375 11.8009 11.8009 11.8009
376 11.8009 11.8009 11.8009
377 11.8009 11.8009 11.8009
378 11.8009 11.8009 11.8009
379 11.8009 11.8009 11.8009
380 11.8009 11.8009 11.8009
381 11.8009 11.8009 11.8009
382 11.8009 11.8009 11.8009
383 11.8009 11.8009 11.8009
384 11.8009 11.8009 11.8009
385 11.8009 11.8009 11.8009
386 11.8009 11.8009 11.8009
387 11.8009 11.8009 11.8009
388 11.8009 11.8009 11.8009
389 11.8009 11.8009 11.8009
390 11.8009 11.8009 11.8009
391 11.8009 11.8009 11.8009
392 11.8009 11.8009 11.8009
393 11.8009 11.8009 11.8009
394 11.8009 11.8009 11.8009
395 11.8009 11.8009 11.8009
396 11.8009 11.8009 11.8009
397 11.8009 11.8009 11.8009
398 11.8009 11.8009 11.8009
399 11.8009 11.8009 11.8009
400 11.8009 11.8009 11.8009
401 11.8009 11.8009 11.8009
402 11.8009 11.8009 11.8009
403 11.8009 11.8009 11.8009
404 11.8009 11.8009 11.8009
405 11.8009 11.8009 11.8009
406 11.8009 11.8009 11.8009
407 11.8009 11.8009 11.8009
408 11.8009 11.8009 11.8009
409 11.8009 11.8009 11.8009
410 11.8009 11.8009 11.8009
411 11.8009 11.8009 11.8009
412 11.8009 11.8009 11.8009
413 11.8009 11.8009 11.8009
414 11.8009 11.8009 11.8009
415 11.8009 11.8009 11.8009
416 11.8009 11.8009 11.8009
417 11.8009 11.8009 11.8009
418 11.7034 11.7034 11.7034
419 11.7034 11.7034 11.7034
420 11.6404 11.6404 11.6404
421 11.6404 11.6404 11.6404
422 11.6404 11.6404 11.6404
423 11.6404 11.6404 11.6404
424 11.5225 11.5225 11.5225
425 11.5225 11.5225 11.5225
426 11.5225 11.5225 11.5225
427 11.5225 11.5225 11.5225
428 11.3978 11.3978 11.3978
429 11.3978 11.3978 11.3978
430 11.3978 11.3978 11.3978
431 11.3978 11.3978 11.3978
432 11.3978 11.3978 11.3978
433 11.3978 11.3978 11.3978
434 11.3361 11.3361 11.3361
435 11.3361 11.3361 11.3361
436 10.2022 10.2022 10.2022
437 10.2022 10.2022 10.2022
438 10.2022 10.2022 10.2022
439 10.2022 10.2022 10.2022
440 10.2022 10.2022 10.2022
441 8.68748 8.68748 8.68748
442 8.68748 8.68748 8.68748
443 8.68748 8.68748 8.68748
444 8.68748 8.68748 8.68748
445 8.68748 8.68748 8.68748
446 8.68748 8.68748 8.68748
447 8.68748 8.68748 8.68748
448 8.68748 8.68748 8.68748
449 8.68748 8.68748 8.68748
450 8.68748 8.68748 8.68748
451 8.68748 8.68748 8.68748
452 8.68748 8.68748 8.68748
453 8.68748 8.68748 8.68748
454 8.68748 8.68748 8.68748
455 8.68748 8.68748 8.68748
456 8.68748 8.68748 8.68748
457 8.68748 8.68748 8.68748
458 8.68748 8.68748 8.68748
459 8.68748 8.68748 8.68748
460 8.68748 8.68748 8.68748
461 8.68748 8.68748 8.68748
462 8.68748 8.68748 8.68748
463 8.68748 8.68748 8.68748
464 8.68748 8.68748 8.68748
465 8.68748 8.68748 8.68748
466 8.68748 8.68748 8.68748
467 8.6597 8.6597 8.6597
468 8.61486 8.61486 8.61486
469 8.61486 8.61486 8.61486
470 8.61486 8.61486 8.61486
471 8.52087 8.52087 8.52087
472 8.52087 8.52087 8.52087
473 7.88314 7.88314 7.88314
474 7.88314 7.88314 7.88314
475 7.88314 7.88314 7.88314
476 7.88314 7.88314 7.88314
477 7.88314 7.88314 7.88314
478 7.88314 7.88314 7.88314
479 7.88314 7.88314 7.88314
480 7.88314 7.88314 7.88314
481 7.88314 7.88314 7.88314
482 7.88314 7.88314 7.88314
483 7.88314 7.88314 7.88314
484 7.88314 7.88314 7.88314
485 7.88314 7.88314 7.88314
486 7.88314 7.88314 7.88314
487 7.88314 7.88314 7.88314
488 7.88314 7.88314 7.88314
489 7.88314 7.88314 7.88314
490 7.88314 7.88314 7.88314
491 7.88314 7.88314 7.88314
492 7.88314 7.88314 7.88314
493 7.88314 7.88314 7.88314
494 7.88314 7.88314 7.88314
495 7.88314 7.88314 7.88314
496 7.88314 7.88314 7.88314
497 7.88314 7.88314 7.88314
498 7.88314 7.88314 7.88314
499 7.88314 7.88314 7.88314
500 7.88314 7.88314 7.88314
501 7.88314 7.88314 7.88314
502 7.88314 7.88314 7.88314
503 7.88314 7.88314 7.88314
504 7.88314 7.88314 7.88314
505 7.88314 7.88314 7.88314
506 7.88314 7.88314 7.88314
507 7.88314 7.88314 7.88314
508 7.88314 7.88314 7.88314
509 7.88314 7.88314 7.88314
510 7.88314 7.88314 7.88314
511 7.88314 7.88314 7.88314
512 7.88314 7.88314 7.88314
513 7.88314 7.88314 7.88314
514 7.88314 7.88314 7.88314
515 7.88314 7.88314 7.88314
516 7.88314 7.88314 7.88314
517 7.88314 7.88314 7.88314
518 7.88314 7.88314 7.88314
519 7.88314 7.88314 7.88314
520 7.88314 7.88314 7.88314
521 7.88314 7.88314 7.88314
522 7.88314 7.88314 7.88314
523 7.88314 7.88314 7.88314
524 7.88314 7.88314 7.88314
525 7.88314 7.88314 7.88314
526 7.88314 7.88314 7.88314
527 7.88314 7.88314 7.88314
528 7.88314 7.88314 7.88314
529 7.88314 7.88314 7.88314
530 7.88314 7.88314 7.88314
531 7.88314 7.88314 7.88314
532 7.88314 7.88314 7.88314
533 7.88314 7.88314 7.88314
534 7.88314 7.88314 7.88314
535 7.88314 7.88314 7.88314
536 7.88314 7.88314 7.88314
537 7.86594 7.86594 7.86594
538 7.86594 7.86594 7.86594
539 7.79562 7.79562 7.79562
540 7.79562 7.79562 7.79562
541 7.70932 7.70932 7.70932
542 7.70932 7.70932 7.70932
543 7.70932 7.70932 7.70932
544 7.70932 7.70932 7.70932
545 7.70932 7.70932 7.70932
546 7.70932 7.70932 7.70932
547 7.70932 7.70932 7.70932
548 7.70932 7.70932 7.70932
549 7.70932 7.70932 7.70932
550 7.70932 7.70932 7.70932
551 7.11073 7.11073 7.11073
552 7.11073 7.11073 7.11073
553 7.11073 7.11073 7.11073
554 7.11073 7.11073 7.11073
555 7.11073 7.11073 7.11073
556 7.11073 7.11073 7.11073
557 7.05158 7.05158 7.05158
558 7.05158 7.05158 7.05158
559 7.05158 7.05158 7.05158
560 7.05158 7.05158 7.05158
561 7.05158 7.05158 7.05158
562 7.05158 7.05158 7.05158
563 7.05158 7.05158 7.05158
564 7.05158 7.05158 7.05158
565 7.05158 7.05158 7.05158
566 7.05158 7.05158 7.05158
567 7.05158 7.05158 7.05158
568 7.05158 7.05158 7.05158
569 7.05158 7.05158 7.05158
570 7.05158 7.05158 7.05158
571 7.05158 7.05158 7.05158
572 7.05158 7.05158 7.05158
573 7.05158 7.05158 7.05158
574 7.05158 7.05158 7.05158
575 7.05158 7.05158 7.05158
576 7.05158 7.05158 7.05158
577 7.05158 7.05158 7.05158
578 7.05158 7.05158 7.05158
579 7.05158 7.05158 7.05158
580 7.05158 7.05158 7.05158
581 7.05158 7.05158 7.05158
582 7.05158 7.05158 7.05158
583 7.05158 7.05158 7.05158
584 7.05158 7.05158 7.05158
585 7.05158 7.05158 7.05158
586 7.05158 7.05158 7.05158
587 7.05158 7.05158 7.05158
588 7.05158 7.05158 7.05158
589 7.05158 7.05158 7.05158
590 7.05158 7.05158 7.05158
591 7.05158 7.05158 7.05158
592 7.05158 7.05158 7.05158
593 6.98084 6.98084 6.98084
594 6.98084 6.98084 6.98084
595 6.98084 6.98084 6.98084
596 6.86422 6.86422 6.86422
597 6.86422 6.86422 6.86422
598 6.86422 6.86422 6.86422
599 6.86422 6.86422 6.86422
600 6.86422 6.86422 6.86422
601 6.8565 6.8565 6.8565
602 6.8565 6.8565 6.8565
603 6.8565 6.8565 6.8565
604 6.8565 6.8565 6.8565
605 6.8565 6.8565 6.8565
606 6.8565 6.8565 6.8565
607 6.8565 6.8565 6.8565
608 6.8565 6.8565 6.8565
609 6.8565 6.8565 6.8565
610 6.8565 6.8565 6.8565
611 6.8565 6.8565 6.8565
612 6.48336 6.48336 6.48336
613 6.48336 6.48336 6.48336
614 6.48336 6.48336 6.48336
615 6.48336 6.48336 6.48336
616 6.48336 6.48336 6.48336
617 6.48336 6.48336 6.48336
618 6.48336 6.48336 6.48336
619 6.48336 6.48336 6.48336
620 6.48336 6.48336 6.48336
621 6.48336 6.48336 6.48336
622 6.48336 6.48336 6.48336
623 6.48336 6.48336 6.48336
624 6.48336 6.48336 6.48336
625 6.48336 6.48336 6.48336
626 6.48336 6.48336 6.48336
627 6.48336 6.48336 6.48336
628 6.48336 6.48336 6.48336
629 6.48336 6.48336 6.48336
630 6.48336 6.48336 6.48336
631 6.48336 6.48336 6.48336
632 6.47613 6.47613 6.47613
633 6.47613 6.47613 6.47613
634 5.96136 5.96136 5.96136
635 5.96136 5.96136 5.96136
636 5.96136 5.96136 5.96136
637 5.96136 5.96136 5.96136
638 5.96136 5.96136 5.96136
639 5.86126 5.86126 5.86126
640 5.86126 5.86126 5.86126
641 5.86126 5.86126 5.86126
642 5.86126 5.86126 5.86126
643 5.86126 5.86126 5.86126
644 5.58887 5.58887 5.58887
645 5.56126 5.56126 5.56126
646 5.30875 5.30875 5.30875
647 5.30875 5.30875 5.30875
648 5.30875 5.30875 5.30875
649 5.30875 5.30875 5.30875
650 5.30875 5.30875 5.30875
651 5.30875 5.30875 5.30875
652 5.30875 5.30875 5.30875
653 5.30875 5.30875 5.30875
654 5.30875 5.30875 5.30875
655 5.30875 5.30875 5.30875
656 5.30875 5.30875 5.30875
657 5.30875 5.30875 5.30875
658 5.30875 5.30875 5.30875
659 5.30875 5.30875 5.30875
660 5.30875 5.30875 5.30875
661 5.30875 5.30875 5.30875
662 5.30875 5.30875 5.30875
663 5.30875 5.30875 5.30875
664 5.30875 5.30875 5.30875
665 5.30875 5.30875 5.30875
666 5.30875 5.30875 5.30875
667 5.30875 5.30875 5.30875
668 5.258 5.258 5.258
669 5.258 5.258 5.258
670 5.258 5.258 5.258
671 5.258 5.258 5.258
672 5.17139 5.17139 5.17139
673 5.17139 5.17139 5.17139
674 5.17139 5.17139 5.17139
675 5.17139 5.17139 5.17139
676 5.17139 5.17139 5.17139
677 5.17139 5.17139 5.17139
678 5.17139 5.17139 5.17139
679 5.17139 5.17139 5.17139
680 5.17139 5.17139 5.17139
681 5.17139 5.17139 5.17139
682 5.17139 5.17139 5.17139
683 5.17139 5.17139 5.17139
684 5.17139 5.17139 5.17139
685 5.03389 5.03389 5.03389
686 5.03389 5.03389 5.03389
687 5.03389 5.03389 5.03389
688 5.03389 5.03389 5.03389
689 4.71472 4.71472 4.71472
690 4.71472 4.71472 4.71472
691 4.71472 4.71472 4.71472
692 4.71472 4.71472 4.71472
693 4.71472 4.71472 4.71472
694 4.71472 4.71472 4.71472
695 4.71472 4.71472 4.71472
696 4.71472 4.71472 4.71472
697 4.71472 4.71472 4.71472
698 4.71472 4.71472 4.71472
699 4.71472 4.71472 4.71472
700 4.71472 4.71472 4.71472
701 4.71472 4.71472 4.71472
702 4.71472 4.71472 4.71472
703 4.71472 4.71472 4.71472
704 4.71472 4.71472 4.71472
705 4.71472 4.71472 4.71472
706 4.71472 4.71472 4.71472
707 4.71472 4.71472 4.71472
708 4.71472 4.71472 4.71472
709 4.71472 4.71472 4.71472
710 4.71472 4.71472 4.71472
711 4.71472 4.71472 4.71472
712 4.41963 4.41963 4.41963
713 4.41963 4.41963 4.41963
714 4.41963 4.41963 4.41963
715 4.41963 4.41963 4.41963
716 4.41963 4.41963 4.41963
717 4.41963 4.41963 4.41963
718 4.41963 4.41963 4.41963
719 4.41963 4.41963 4.41963
720 4.41963 4.41963 4.41963
721 4.41963 4.41963 4.41963
722 4.41963 4.41963 4.41963
723 4.41963 4.41963 4.41963
724 4.41963 4.41963 4.41963
725 4.41963 4.41963 4.41963
726 4.31694 4.31694 4.31694
727 4.31694 4.31694 4.31694
728 4.31694 4.31694 4.31694
729 4.31694 4.31694 4.31694
730 4.31694 4.31694 4.31694
731 4.27287 4.27287 4.27287
732 4.27287 4.27287 4.27287
733 4.27287 4.27287 4.27287
734 4.27287 4.27287 4.27287
735 4.27287 4.27287 4.27287
736 4.27287 4.27287 4.27287
737 4.27287 4.27287 4.27287
738 4.27287 4.27287 4.27287
739 4.27287 4.27287 4.27287
740 4.27287 4.27287 4.27287
741 4.27287 4.27287 4.27287
742 4.27287 4.27287 4.27287
743 4.27287 4.27287 4.27287
744 4.27287 4.27287 4.27287
745 4.27287 4.27287 4.27287
746 4.27287 4.27287 4.27287
747 4.27287 4.27287 4.27287
748 4.27287 4.27287 4.27287
749 4.27287 4.27287 4.27287
750 4.27287 4.27287 4.27287
751 4.27287 4.27287 4.27287
752 4.27287 4.27287 4.27287
753 4.27287 4.27287 4.27287
754 4.27287 4.27287 4.27287
755 4.27287 4.27287 4.27287
756 4.27287 4.27287 4.27287
757 4.27287 4.27287 4.27287
758 4.27287 4.27287 4.27287
759 4.27287 4.27287 4.27287
760 4.27287 4.27287 4.27287
761 4.27287 4.27287 4.27287
762 4.27287 4.27287 4.27287
763 4.27287 4.27287 4.27287
764 4.27287 4.27287 4.27287
765 4.27287 4.27287 4.27287
766 4.27287 4.27287 4.27287
767 4.27287 4.27287 4.27287
768 4.27287 4.27287 4.27287
769 4.27287 4.27287 4.27287
770 4.27287 4.27287 4.27287
771 4.27287 4.27287 4.27287
772 4.27287 4.27287 4.27287
773 4.27287 4.27287 4.27287
774 4.27287 4.27287 4.27287
775 2.81629 2.81629 2.81629
776 2.81629 2.81629 2.81629
777 2.81629 2.81629 2.81629
778 2.81629 2.81629 2.81629
779 2.81629 2.81629 2.81629
780 2.81629 2.81629 2.81629
781 2.81629 2.81629 2.81629
782 2.81629 2.81629 2.81629
783 2.81629 2.81629 2.81629
784 2.81629 2.81629 2.81629
785 2.81629 2.81629 2.81629
786 2.81629 2.81629 2.81629
787 2.81629 2.81629 2.81629
788 2.81629 2.81629 2.81629
789 2.81629 2.81629 2.81629
790 2.81629 2.81629 2.81629
791 2.81629 2.81629 2.81629
792 2.81629 2.81629 2.81629
793 2.81629 2.81629 2.81629
794 2.81629 2.81629 2.81629
795 2.81629 2.81629 2.81629
796 2.56713 2.56713 2.56713
797 2.56713 2.56713 2.56713
798 2.56713 2.56713 2.56713
799 2.3872 2.3872 2.3872
800 2.3872 2.3872 2.3872
801 2.3872 2.3872 2.3872
802 2.3872 2.3872 2.3872
803 2.3872 2.3872 2.3872
804 2.3872 2.3872 2.3872
805 2.25738 2.25738 2.25738
806 2.25738 2.25738 2.25738
807 2.25738 2.25738 2.25738
808 2.25738 2.25738 2.25738
809 2.25738 2.25738 2.25738
810 2.1736 2.1736 2.1736
811 2.1736 2.1736 2.1736
812 2.1736 2.1736 2.1736
813 2.1736 2.1736 2.1736
814 2.1736 2.1736 2.1736
815 2.1736 2.1736 2.1736
816 2.1736 2.1736 2.1736
817 2.1736 2.1736 2.1736
818 2.1736 2.1736 2.1736
819 2.1736 2.1736 2.1736
820 2.1736 2.1736 2.1736
821 2.1736 2.1736 2.1736
822 2.1736 2.1736 2.1736
823 2.1736 2.1736 2.1736
824 2.1736 2.1736 2.1736
825 2.15992 2.15992 2.15992
826 2.15992 2.15992 2.15992
827 2.15992 2.15992 2.15992
828 2.15992 2.15992 2.15992
829 2.15992 2.15992 2.15992
830 2.15784 2.15784 2.15784
831 2.14961 2.14961 2.14961
832 2.14961 2.14961 2.14961
833 2.14961 2.14961 2.14961
834 2.14961 2.14961 2.14961
835 2.14961 2.14961 2.14961
836 2.14961 2.14961 2.14961
837 2.14897 2.14897 2.14897
838 2.14437 2.14437 2.14437
839 2.14437 2.14437 2.14437
840 2.14437 2.14437 2.14437
841 2.14412 2.14412 2.14412
842 2.12546 2.12546 2.12546
843 2.12546 2.12546 2.12546
844 2.12546 2.12546 2.12546
845 2.12546 2.12546 2.12546
846 2.12546 2.12546 2.12546
847 2.12546 2.12546 2.12546
848 2.12546 2.12546 2.12546
849 2.12546 2.12546 2.12546
850 2.12403 2.12403 2.12403
851 2.12403 2.12403 2.12403
852 2.12357 2.12357 2.12357
853 2.11228 2.11228 2.11228
854 2.11228 2.11228 2.11228
855 2.10679 2.10679 2.10679
856 2.10679 2.10679 2.10679
857 2.10679 2.10679 2.10679
858 2.10679 2.10679 2.10679
859 2.10679 2.10679 2.10679
860 2.10679 2.10679 2.10679
861 2.06955 2.06955 2.06955
862 2.06955 2.06955 2.06955
863 2.06955 2.06955 2.06955
864 2.06955 2.06955 2.06955
865 2.06955 2.06955 2.06955
866 2.06955 2.06955 2.06955
867 2.06955 2.06955 2.06955
868 2.05337 2.05337 2.05337
869 2.05337 2.05337 2.05337
870 2.05337 2.05337 2.05337
871 2.05337 2.05337 2.05337
872 2.05337 2.05337 2.05337
873 2.05337 2.05337 2.05337
874 2.05337 2.05337 2.05337
875 2.05337 2.05337 2.05337
876 2.05337 2.05337 2.05337
877 2.05337 2.05337 2.05337
878 2.05337 2.05337 2.05337
879 2.05337 2.05337 2.05337
880 2.05196 2.05196 2.05196
881 2.05196 2.05196 2.05196
882 2.05196 2.05196 2.05196
883 2.05196 2.05196 2.05196
884 2.05196 2.05196 2.05196
885 2.04822 2.04822 2.04822
886 2.04822 2.04822 2.04822
887 2.04822 2.04822 2.04822
888 2.04822 2.04822 2.04822
889 2.04792 2.04792 2.04792
890 2.04769 2.04769 2.04769
891 2.04769 2.04769 2.04769
892 2.04769 2.04769 2.04769
893 2.04724 2.04724 2.04724
894 2.04705 2.04705 2.04705
895 2.04705 2.04705 2.04705
896 2.04705 2.04705 2.04705
897 2.03861 2.03861 2.03861
898 2.03861 2.03861 2.03861
899 2.03861 2.03861 2.03861
900 2.03861 2.03861 2.03861
901 2.03861 2.03861 2.03861
902 2.03861 2.03861 2.03861
903 2.03861 2.03861 2.03861
904 2.03861 2.03861 2.03861
905 2.03861 2.03861 2.03861
906 2.03861 2.03861 2.03861
907 2.03861 2.03861 2.03861
908 2.03861 2.03861 2.03861
909 2.03861 2.03861 2.03861
910 2.03861 2.03861 2.03861
911 2.03861 2.03861 2.03861
912 2.03861 2.03861 2.03861
913 2.03861 2.03861 2.03861
914 2.03861 2.03861 2.03861
915 2.03861 2.03861 2.03861
916 2.03861 2.03861 2.03861
917 2.03861 2.03861 2.03861
918 2.03861 2.03861 2.03861
919 2.03861 2.03861 2.03861
920 2.03861 2.03861 2.03861
921 2.03861 2.03861 2.03861
922 2.03861 2.03861 2.03861
923 2.03861 2.03861 2.03861
924 2.03861 2.03861 2.03861
925 2.03861 2.03861 2.03861
926 2.03861 2.03861 2.03861
927 2.03861 2.03861 2.03861
928 2.03861 2.03861 2.03861
929 2.03861 2.03861 2.03861
930 2.03861 2.03861 2.03861
931 2.03795 2.03795 2.03795
932 2.03795 2.03795 2.03795
933 2.03527 2.03527 2.03527
934 2.03527 2.03527 2.03527
935 2.03483 2.03483 2.03483
936 2.03453 2.03453 2.03453
937 2.03325 2.03325 2.03325
938 2.03325 2.03325 2.03325
939 2.03325 2.03325 2.03325
940 2.03325 2.03325 2.03325
941 2.03325 2.03325 2.03325
942 2.03313 2.03313 2.03313
943 2.02642 2.02642 2.02642
944 2.02642 2.02642 2.02642
945 2.02642 2.02642 2.02642
946 2.02642 2.02642 2.02642
947 2.02642 2.02642 2.02642
948 2.02642 2.02642 2.02642
949 2.02642 2.02642 2.02642
950 2.02642 2.02642 2.02642
951 2.02642 2.02642 2.02642
952 2.02642 2.02642 2.02642
953 2.02642 2.02642 2.02642
954 2.02642 2.02642 2.02642
955 2.02642 2.02642 2.02642
956 2.02642 2.02642 2.02642
957 2.02642 2.02642 2.02642
958 2.02642 2.02642 2.02642
959 2.02642 2.02642 2.02642
960 2.02642 2.02642 2.02642
961 2.02642 2.02642 2.02642
962 2.02642 2.02642 2.02642
963 2.02642 2.02642 2.02642
964 2.02642 2.02642 2.02642
965 2.026 2.026 2.026
966 2.02426 2.02426 2.02426
967 2.02426 2.02426 2.02426
968 2.02426 2.02426 2.02426
969 2.02286 2.02286 2.02286
970 2.02286 2.02286 2.02286
971 2.02286 2.02286 2.02286
972 2.02286 2.02286 2.02286
973 2.02198 2.02198 2.02198
974 2.02198 2.02198 2.02198
975 2.00927 2.00927 2.00927
976 2.00927 2.00927 2.00927
977 2.00927 2.00927 2.00927
978 2.00927 2.00927 2.00927
979 2.00927 2.00927 2.00927
980 2.00927 2.00927 2.00927
981 2.00927 2.00927 2.00927
982 2.00927 2.00927 2.00927
983 2.00927 2.00927 2.00927
984 2.00874 2.00874 2.00874
985 2.00874 2.00874 2.00874
986 2.00874 2.00874 2.00874
987 2.00874 2.00874 2.00874
988 2.00814 2.00814 2.00814
989 2.00814 2.00814 2.00814
990 2.00814 2.00814 2.00814
991 2.00814 2.00814 2.00814
992 2.00661 2.00661 2.00661
993 2.00661 2.00661 2.00661
994 2.00652 2.00652 2.00652
995 2.00652 2.00652 2.00652
996 2.00652 2.00652 2.00652
997 2.00652 2.00652 2.00652
998 2.00493 2.00493 2.00493
999 2.00493 2.00493 2.00493
1000 2.00493 2.00493 2.00493
